1	1	185	1	185
2	1548	1705	186	343
3	2843	2906	344	407
4	3102	3184	408	490
5	4301	4371	491	561
7	8452	8508	562	618
9	9137	9140	619	622
12	11799	11801	623	625
13	12345	12359	626	640
14	14319	14383	641	705
15	15641	15862	706	927
16	16343	23777	928	8362
17	24015	24244	8363	8592
18	25532	25731	8593	8792
19	26200	27603	8793	10196
20	28675	28690	10197	10212
21	29072	29083	10213	10224
24	29949	30245	10225	10521
25	30378	30519	10522	10663
26	30712	30733	10664	10685
27	30938	31091	10686	10839
28	31260	31863	10840	11443
29	32044	32638	11444	12038
30	33083	33083	12039	12039
31	33600	33711	12040	12151
32	34975	35046	12152	12223
33	35545	36496	12224	13175
34	37466	39118	13176	14828
35	41753	41836	14829	14912
36	42275	42548	14913	15186
37	43560	43707	15187	15334
40	46634	46638	15335	15339
41	46873	47410	15340	15877
42	47642	47643	15878	15879
43	47770	48355	15880	16465
44	50510	50521	16466	16477
45	51872	52040	16478	16646
46	52749	52804	16647	16702
47	56531	56622	16703	16794
48	58066	58101	16795	16830
50	59667	59749	16831	16913
51	60260	60283	16914	16937
52	61832	61952	16938	17058
53	63216	63584	17059	17427
55	65167	65188	17428	17449
56	67577	67748	17450	17621
57	69048	69101	17622	17675
58	73041	73354	17676	17989
59	74099	74418	17990	18309
61	76680	76706	18310	18336
63	78415	78486	18337	18408
64	78826	79077	18409	18660
65	80245	80359	18661	18775
66	81398	81604	18776	18982
67	82460	82643	18983	19166
68	82854	82894	19167	19207
69	83258	83310	19208	19260
70	83608	83827	19261	19480
71	84593	84847	19481	19735
72	85034	85201	19736	19903
73	86582	86594	19904	19916
74	87261	87394	19917	20050
75	87554	90408	20051	22905
77	92157	92350	22906	23099
78	92963	94376	23100	24513
79	95307	95319	24514	24526
80	96244	96452	24527	24735
81	97929	98199	24736	25006
82	99187	99459	25007	25279
83	100321	100391	25280	25350
84	101457	101517	25351	25411
87	103329	104689	25412	26772
88	105848	105888	26773	26813
89	107740	107778	26814	26852
90	109036	109186	26853	27003
91	109394	109509	27004	27119
92	110143	110163	27120	27140
93	111037	111044	27141	27148
94	111717	111957	27149	27389
95	112546	113348	27390	28192
96	113637	113687	28193	28243
98	116435	116640	28244	28449
99	117448	119109	28450	30111
100	120367	121030	30112	30775
101	121760	122893	30776	31909
102	123134	126258	31910	35034
103	127381	127520	35035	35174
104	127977	127985	35175	35183
105	129900	130277	35184	35561
106	131958	131958	35562	35562
107	132193	133009	35563	36379
108	133163	133163	36380	36380
109	133350	133526	36381	36557
112	135645	136060	36558	36973
113	136991	139458	36974	39441
114	140413	140421	39442	39450
115	142039	142826	39451	40238
116	143577	143588	40239	40250
117	144762	145156	40251	40645
118	146021	146305	40646	40930
119	146507	146572	40931	40996
120	147239	147309	40997	41067
121	148537	148988	41068	41519
123	149845	150061	41520	41736
124	150893	151045	41737	41889
125	151901	151999	41890	41988
127	154428	154428	41989	41989
128	155122	155150	41990	42018
129	155721	155854	42019	42152
130	156470	156518	42153	42201
131	158118	158128	42202	42212
132	159416	159475	42213	42272
133	160010	160086	42273	42349
134	160558	160849	42350	42641
135	162113	162421	42642	42950
137	163318	163672	42951	43305
138	165623	165946	43306	43629
140	167621	167639	43630	43648
142	169361	169764	43649	44052
143	170359	170367	44053	44061
145	171606	171741	44062	44197
146	172774	173027	44198	44451
147	173712	173722	44452	44462
148	174668	174798	44463	44593
150	178685	178815	44594	44724
151	179215	179279	44725	44789
152	179850	179935	44790	44875
153	180203	180214	44876	44887
154	180626	180640	44888	44902
155	180947	181203	44903	45159
156	182455	182537	45160	45242
157	182994	183138	45243	45387
158	184672	184928	45388	45644
159	186468	186586	45645	45763
160	188795	188805	45764	45774
161	188947	188989	45775	45817
164	190694	190959	45818	46083
165	191269	191483	46084	46298
166	192111	192134	46299	46322
168	193055	193071	46323	46339
169	193906	194008	46340	46442
170	194291	194301	46443	46453
171	194647	194658	46454	46465
172	195313	195315	46466	46468
173	195730	195738	46469	46477
174	195946	195969	46478	46501
175	196231	196255	46502	46526
176	196625	196701	46527	46603
177	197008	197030	46604	46626
178	197574	197590	46627	46643
179	197861	198144	46644	46927
180	198544	198734	46928	47118
181	199272	199354	47119	47201
182	199712	199728	47202	47218
183	200224	200236	47219	47231
184	200420	200563	47232	47375
185	201005	201016	47376	47387
186	202328	202477	47388	47537
187	203117	203232	47538	47653
188	203452	203609	47654	47811
189	203976	203992	47812	47828
190	204377	204418	47829	47870
191	205355	205365	47871	47881
192	205753	206016	47882	48145
193	206284	206292	48146	48154
194	207631	207873	48155	48397
195	208567	208668	48398	48499
197	209652	209677	48500	48525
199	211386	212735	48526	49875
200	212934	213007	49876	49949
201	213785	213905	49950	50070
202	214653	214664	50071	50082
203	215646	215839	50083	50276
204	216161	216205	50277	50321
205	216515	216530	50322	50337
206	217830	217979	50338	50487
207	220419	220436	50488	50505
208	221106	221122	50506	50522
209	222212	222665	50523	50976
210	225168	225360	50977	51169
211	226057	226067	51170	51180
212	226485	227551	51181	52247
214	229077	229306	52248	52477
215	230066	230073	52478	52485
216	230878	230898	52486	52506
217	232159	232170	52507	52518
218	234025	234123	52519	52617
219	235504	235694	52618	52808
220	237504	237621	52809	52926
221	238672	238770	52927	53025
222	242569	242984	53026	53441
223	243399	243417	53442	53460
224	243889	244282	53461	53854
225	246365	246467	53855	53957
226	250860	250901	53958	53999
227	252159	252384	54000	54225
228	252649	252938	54226	54515
229	253092	253112	54516	54536
230	254355	254363	54537	54545
231	254595	254862	54546	54813
232	255586	255801	54814	55029
233	257137	257191	55030	55084
234	258104	258126	55085	55107
235	258931	258957	55108	55134
236	259948	260179	55135	55366
237	261200	261537	55367	55704
238	262351	262539	55705	55893
239	263959	264010	55894	55945
240	264719	264807	55946	56034
241	265786	265786	56035	56035
243	267645	267802	56036	56193
244	268616	268659	56194	56237
245	268978	269333	56238	56593
246	269781	269798	56594	56611
247	270192	271597	56612	58017
248	273812	274032	58018	58238
249	274510	274731	58239	58460
250	277936	279078	58461	59603
251	279709	279717	59604	59612
252	280720	280749	59613	59642
253	281392	281409	59643	59660
254	282226	282496	59661	59931
255	282932	282942	59932	59942
256	284134	284143	59943	59952
257	284636	284649	59953	59966
259	286235	286260	59967	59992
260	286528	286548	59993	60013
261	288451	288509	60014	60072
262	289512	289620	60073	60181
263	289957	289966	60182	60191
264	290210	290224	60192	60206
265	290420	290584	60207	60371
266	291536	291546	60372	60382
267	291865	291867	60383	60385
268	294121	294121	60386	60386
269	295103	295710	60387	60994
270	297817	298251	60995	61429
271	298603	298668	61430	61495
272	299152	299245	61496	61589
273	300731	300882	61590	61741
274	302491	303558	61742	62809
275	305005	305005	62810	62810
276	305738	305745	62811	62818
277	306439	306447	62819	62827
278	307138	307151	62828	62841
279	308520	308549	62842	62871
280	309729	310027	62872	63170
281	311222	311224	63171	63173
282	312197	312202	63174	63179
283	313436	313436	63180	63180
284	314823	314829	63181	63187
285	315979	316013	63188	63222
286	317043	317057	63223	63237
287	317763	317776	63238	63251
288	318611	318769	63252	63410
290	320234	320245	63411	63422
291	321296	321360	63423	63487
292	322213	323779	63488	65054
293	325763	326062	65055	65354
294	331367	331532	65355	65520
296	334286	334351	65521	65586
297	334880	334948	65587	65655
298	335291	335775	65656	66140
299	336934	336945	66141	66152
300	338341	338415	66153	66227
301	339841	339851	66228	66238
302	340542	340639	66239	66336
303	341639	341755	66337	66453
304	342989	344988	66454	68453
308	348791	348866	68454	68529
310	350558	350570	68530	68542
311	351204	352122	68543	69461
312	352363	352442	69462	69541
313	353265	353282	69542	69559
314	354306	355989	69560	71243
315	357760	357845	71244	71329
316	359739	359739	71330	71330
317	360178	360238	71331	71391
318	361376	361756	71392	71772
319	361871	362173	71773	72075
320	363458	363504	72076	72122
321	365872	366149	72123	72400
322	366765	366775	72401	72411
323	367649	367734	72412	72497
325	368583	368685	72498	72600
326	371023	371364	72601	72942
327	372688	372904	72943	73159
328	373454	373562	73160	73268
329	374463	374486	73269	73292
330	375762	375974	73293	73505
331	376347	376348	73506	73507
332	377714	378037	73508	73831
333	378824	378916	73832	73924
335	380326	380384	73925	73983
336	380610	380727	73984	74101
338	382616	382648	74102	74134
339	383381	383401	74135	74155
340	384638	384639	74156	74157
342	385545	385555	74158	74168
343	386924	386959	74169	74204
345	388591	388852	74205	74466
346	389039	389055	74467	74483
347	389347	389400	74484	74537
348	389779	389824	74538	74583
350	390630	390650	74584	74604
351	391212	391339	74605	74732
354	394551	394762	74733	74944
355	396308	396575	74945	75212
356	397062	397176	75213	75327
357	397366	397521	75328	75483
358	397888	397889	75484	75485
359	399558	399756	75486	75684
361	401927	401991	75685	75749
362	403015	403594	75750	76329
363	403952	404000	76330	76378
364	405252	406121	76379	77248
365	406338	406445	77249	77356
367	408752	408888	77357	77493
368	410779	412202	77494	78917
369	413049	413194	78918	79063
370	414257	414603	79064	79410
371	416929	417294	79411	79776
372	417514	417839	79777	80102
373	418125	420047	80103	82025
374	421476	421490	82026	82040
375	422841	423027	82041	82227
376	423877	423890	82228	82241
377	424440	424445	82242	82247
378	424704	424804	82248	82348
380	427303	427494	82349	82540
381	427999	428450	82541	82992
383	429655	429681	82993	83019
384	430072	430075	83020	83023
385	430526	430652	83024	83150
386	431241	431629	83151	83539
387	433238	433795	83540	84097
388	435428	435719	84098	84389
389	440631	440719	84390	84478
390	441917	442051	84479	84613
391	442580	442655	84614	84689
392	443013	443048	84690	84725
393	444396	445190	84726	85520
395	447028	447037	85521	85530
396	447836	447891	85531	85586
398	450906	450917	85587	85598
399	453252	453623	85599	85970
400	453825	453858	85971	86004
401	454369	454531	86005	86167
402	455567	455592	86168	86193
403	456118	456596	86194	86672
404	458421	458421	86673	86673
405	458779	459179	86674	87074
406	460317	460627	87075	87385
407	460820	461073	87386	87639
408	461362	461370	87640	87648
409	461782	461848	87649	87715
411	463627	463793	87716	87882
412	464124	464398	87883	88157
413	464738	464741	88158	88161
414	465480	465492	88162	88174
415	466834	466903	88175	88244
416	467033	467088	88245	88300
417	468451	468460	88301	88310
418	470015	470030	88311	88326
419	470619	470899	88327	88607
420	471098	471101	88608	88611
421	471264	471267	88612	88615
422	471418	471563	88616	88761
423	471834	471901	88762	88829
424	472151	472168	88830	88847
425	472379	472646	88848	89115
426	472767	472878	89116	89227
427	472996	473062	89228	89294
428	473225	473233	89295	89303
429	473606	473782	89304	89480
430	473963	473993	89481	89511
431	474135	474233	89512	89610
432	474618	474668	89611	89661
433	475359	475399	89662	89702
434	475634	475783	89703	89852
435	476396	476555	89853	90012
437	477983	478107	90013	90137
438	478588	478630	90138	90180
439	479768	479788	90181	90201
441	480375	480390	90202	90217
442	483184	483433	90218	90467
443	483785	484062	90468	90745
444	484843	484843	90746	90746
445	485027	485303	90747	91023
446	485547	485576	91024	91053
448	487145	487153	91054	91062
449	487409	487503	91063	91157
450	487900	488311	91158	91569
452	489306	489306	91570	91570
453	490270	490280	91571	91581
454	492933	493001	91582	91650
455	493758	494037	91651	91930
456	494842	496703	91931	93792
457	499263	499561	93793	94091
458	500402	500418	94092	94108
459	502258	502269	94109	94120
460	503686	504195	94121	94630
462	505833	505908	94631	94706
463	508312	508378	94707	94773
464	509381	510107	94774	95500
465	510375	510634	95501	95760
466	512885	512947	95761	95823
467	513815	514498	95824	96507
468	516713	516727	96508	96522
469	517346	517356	96523	96533
470	518242	518327	96534	96619
472	520051	520053	96620	96622
473	520939	520984	96623	96668
474	522242	522603	96669	97030
475	523204	523872	97031	97699
476	525151	525162	97700	97711
477	525811	525861	97712	97762
478	527242	527552	97763	98073
480	529535	529674	98074	98213
481	530557	530876	98214	98533
482	532068	532361	98534	98827
483	533022	533030	98828	98836
484	533709	533720	98837	98848
485	534486	534524	98849	98887
486	535284	535559	98888	99163
487	537783	537956	99164	99337
488	539619	539686	99338	99405
489	540467	540577	99406	99516
490	541799	541802	99517	99520
491	543036	543113	99521	99598
492	543816	543854	99599	99637
493	545703	545751	99638	99686
495	546526	546708	99687	99869
496	547510	547679	99870	100039
497	548286	548297	100040	100051
498	549699	549751	100052	100104
499	550331	550489	100105	100263
501	550778	550947	100264	100433
502	552274	552370	100434	100530
503	553409	553409	100531	100531
504	553872	553888	100532	100548
505	554606	554727	100549	100670
506	555154	555360	100671	100877
507	556051	556945	100878	101772
508	557165	557562	101773	102170
509	557809	558208	102171	102570
510	559202	559202	102571	102571
511	560022	560022	102572	102572
512	560809	560905	102573	102669
514	561271	561993	102670	103392
515	568429	569059	103393	104023
516	569537	569573	104024	104060
517	569880	569926	104061	104107
518	571403	571751	104108	104456
519	578454	578762	104457	104765
521	579551	579760	104766	104975
522	580121	581151	104976	106006
524	581957	581967	106007	106017
525	584023	584200	106018	106195
526	585062	585271	106196	106405
527	585983	586001	106406	106424
528	586569	586578	106425	106434
529	587692	588048	106435	106791
531	590475	590589	106792	106906
532	591154	591174	106907	106927
533	596845	596904	106928	106987
534	598627	598745	106988	107106
535	600273	600358	107107	107192
536	601223	601412	107193	107382
537	602373	602468	107383	107478
538	603309	603355	107479	107525
539	603527	603646	107526	107645
542	606379	606392	107646	107659
543	607323	607342	107660	107679
544	608099	608151	107680	107732
545	609121	609123	107733	107735
547	609774	610128	107736	108090
548	610855	611015	108091	108251
549	612858	612876	108252	108270
550	613132	613678	108271	108817
551	613796	613877	108818	108899
552	614502	614723	108900	109121
553	615900	615900	109122	109122
554	616543	616645	109123	109225
555	617999	618001	109226	109228
556	619061	619069	109229	109237
557	620270	620501	109238	109469
558	621204	621236	109470	109502
559	621870	622101	109503	109734
560	622453	622547	109735	109829
562	624065	624067	109830	109832
564	625417	626368	109833	110784
567	628386	628658	110785	111057
568	628806	628932	111058	111184
569	630424	631048	111185	111809
570	632186	632741	111810	112365
571	633411	633735	112366	112690
572	634519	634519	112691	112691
573	635150	635707	112692	113249
575	637655	637655	113250	113250
576	638307	638316	113251	113260
577	639010	639013	113261	113264
580	640967	641175	113265	113473
581	641968	642332	113474	113838
582	642729	642738	113839	113848
583	643111	643119	113849	113857
584	645364	645569	113858	114063
585	647346	647455	114064	114173
586	647804	649240	114174	115610
587	649523	649653	115611	115741
588	650599	652269	115742	117412
589	652933	652960	117413	117440
590	653378	653435	117441	117498
591	654612	654669	117499	117556
592	655516	655639	117557	117680
593	656198	656215	117681	117698
594	656684	656750	117699	117765
595	657402	657574	117766	117938
596	658166	658243	117939	118016
597	658493	658593	118017	118117
598	659755	660021	118118	118384
599	660892	660894	118385	118387
602	663326	663632	118388	118694
603	664290	664514	118695	118919
604	665493	665509	118920	118936
606	667122	667406	118937	119221
607	669588	669638	119222	119272
608	670455	670593	119273	119411
609	671938	672151	119412	119625
610	673343	673894	119626	120177
611	674831	674863	120178	120210
612	675902	676041	120211	120350
613	676648	676804	120351	120507
614	677336	677355	120508	120527
616	678741	678741	120528	120528
617	680284	680337	120529	120582
618	681595	681760	120583	120748
619	682565	682647	120749	120831
620	682870	683726	120832	121688
621	684000	684018	121689	121707
622	684259	684833	121708	122282
623	685584	685652	122283	122351
625	686881	686891	122352	122362
626	687231	687260	122363	122392
627	687582	687654	122393	122465
629	688038	688098	122466	122526
630	688636	689060	122527	122951
631	689400	689464	122952	123016
634	692565	692729	123017	123181
635	694077	694340	123182	123445
637	696226	696226	123446	123446
638	697487	697609	123447	123569
639	699608	699937	123570	123899
640	700259	700261	123900	123902
641	701078	701151	123903	123976
642	702079	702173	123977	124071
644	703102	703111	124072	124081
645	703592	703598	124082	124088
646	704328	704368	124089	124129
648	705654	705775	124130	124251
649	708323	708379	124252	124308
650	709637	709853	124309	124525
652	711853	711885	124526	124558
653	712174	712312	124559	124697
654	713243	713441	124698	124896
655	715893	715928	124897	124932
656	717153	717162	124933	124942
657	717718	717801	124943	125026
658	718366	718379	125027	125040
659	720327	720407	125041	125121
660	722136	723447	125122	126433
661	723748	723911	126434	126597
662	724335	725498	126598	127761
663	727758	727985	127762	127989
664	728217	728405	127990	128178
666	729824	729955	128179	128310
667	730835	730970	128311	128446
668	731793	731805	128447	128459
669	732646	732942	128460	128756
670	733627	733639	128757	128769
671	734852	734852	128770	128770
672	735396	735410	128771	128785
673	736221	738865	128786	131430
674	739577	739598	131431	131452
675	740124	740175	131453	131504
676	740413	740479	131505	131571
677	741401	742208	131572	132379
679	744065	744081	132380	132396
681	745121	745210	132397	132486
682	746264	746406	132487	132629
684	748994	748995	132630	132631
685	749953	750552	132632	133231
686	751387	751428	133232	133273
687	752071	752205	133274	133408
688	754150	754604	133409	133863
689	757041	757171	133864	133994
690	758195	758249	133995	134049
691	758955	759018	134050	134113
693	760629	760642	134114	134127
694	761288	761454	134128	134294
695	761686	762057	134295	134666
696	763261	764839	134667	136245
698	766993	767363	136246	136616
699	768135	768161	136617	136643
700	769425	769434	136644	136653
702	771089	771141	136654	136706
703	772555	772752	136707	136904
704	773995	774174	136905	137084
705	775207	776631	137085	138509
708	780230	780392	138510	138672
709	782619	782768	138673	138822
710	783198	783334	138823	138959
711	784478	784485	138960	138967
712	785701	785834	138968	139101
713	786660	786671	139102	139113
714	787839	788345	139114	139620
715	789840	789851	139621	139632
717	791510	791568	139633	139691
719	792216	792332	139692	139808
721	793846	793874	139809	139837
722	797226	797730	139838	140342
723	798202	798217	140343	140358
724	800492	800836	140359	140703
725	803939	804020	140704	140785
726	805029	805086	140786	140843
727	806593	808406	140844	142657
728	809280	809385	142658	142763
729	809770	809911	142764	142905
730	810224	810226	142906	142908
731	810944	811072	142909	143037
734	812923	813035	143038	143150
735	813222	813336	143151	143265
737	815903	815960	143266	143323
738	816234	816280	143324	143370
739	816446	816586	143371	143511
740	816779	817205	143512	143938
741	817965	817965	143939	143939
742	819955	822367	143940	146352
743	823844	824779	146353	147288
747	829106	829114	147289	147297
748	829991	830170	147298	147477
749	830981	831526	147478	148023
750	832199	832439	148024	148264
753	834684	834685	148265	148266
754	836570	836669	148267	148366
755	837780	837788	148367	148375
756	839052	839054	148376	148378
757	839853	840071	148379	148597
759	841598	841636	148598	148636
760	841955	841956	148637	148638
761	842827	843052	148639	148864
762	843572	845666	148865	150959
763	847002	847084	150960	151042
764	847823	847830	151043	151050
765	848389	848408	151051	151070
766	849303	849310	151071	151078
767	849527	849611	151079	151163
768	850581	851276	151164	151859
769	851505	853190	151860	153545
770	853761	853827	153546	153612
772	856703	857100	153613	154010
773	857689	857691	154011	154013
774	858874	859152	154014	154292
775	859711	859742	154293	154324
776	859944	859994	154325	154375
777	860355	860411	154376	154432
778	860793	861041	154433	154681
779	861843	861852	154682	154691
780	862792	862889	154692	154789
781	864867	864926	154790	154849
782	866583	866686	154850	154953
784	867561	867576	154954	154969
785	868477	868524	154970	155017
788	871141	871328	155018	155205
789	871563	871663	155206	155306
791	874449	874463	155307	155321
792	875325	875396	155322	155393
793	876351	876368	155394	155411
794	878172	878208	155412	155448
795	878887	878952	155449	155514
796	879895	881114	155515	156734
799	883060	883153	156735	156828
800	883955	884049	156829	156923
801	885478	885486	156924	156932
802	886033	886043	156933	156943
803	886359	886374	156944	156959
804	887068	887155	156960	157047
805	887636	887732	157048	157144
806	888324	888331	157145	157152
807	890096	891117	157153	158174
808	891319	891995	158175	158851
809	892704	892713	158852	158861
810	893272	893644	158862	159234
811	895037	895178	159235	159376
812	896097	896103	159377	159383
813	898621	898829	159384	159592
814	901950	902778	159593	160421
815	903349	904307	160422	161380
816	905532	905685	161381	161534
817	906781	906821	161535	161575
818	907200	907280	161576	161656
819	907713	907834	161657	161778
820	908345	909146	161779	162580
821	910224	910278	162581	162635
822	911215	911260	162636	162681
823	912635	912769	162682	162816
824	912953	913074	162817	162938
828	916167	916167	162939	162939
829	916600	916660	162940	163000
830	917918	917924	163001	163007
832	919514	919586	163008	163080
833	920562	920634	163081	163153
834	922267	922464	163154	163351
835	922759	923003	163352	163596
836	923223	923614	163597	163988
840	927439	928005	163989	164555
841	928216	928339	164556	164679
842	928496	928673	164680	164857
843	928818	929178	164858	165218
844	929341	931378	165219	167256
845	931946	932266	167257	167577
846	932456	932516	167578	167638
848	934187	934297	167639	167749
849	935183	935344	167750	167911
850	937085	937169	167912	167996
851	937488	938258	167997	168767
853	939497	941157	168768	170428
854	941353	941511	170429	170587
855	941872	941880	170588	170596
856	942211	944158	170597	172544
857	945011	945773	172545	173307
858	947898	947909	173308	173319
859	948081	948113	173320	173352
861	949573	949584	173353	173364
862	950296	950836	173365	173905
863	951059	951955	173906	174802
864	953186	953204	174803	174821
865	955902	956313	174822	175233
866	957319	957386	175234	175301
868	959009	959097	175302	175390
869	960859	960860	175391	175392
870	961971	961983	175393	175405
871	962314	962427	175406	175519
872	963472	963486	175520	175534
873	964813	964842	175535	175564
874	965020	965077	175565	175622
875	965213	965281	175623	175691
876	966587	966595	175692	175700
877	966755	967840	175701	176786
878	969101	969115	176787	176801
880	970938	970952	176802	176816
881	971814	973186	176817	178189
882	975479	975520	178190	178231
884	976888	976904	178232	178248
885	977547	977628	178249	178330
886	977845	977851	178331	178337
887	978200	978203	178338	178341
888	979320	979328	178342	178350
889	980289	980400	178351	178462
890	980971	981097	178463	178589
893	983465	983507	178590	178632
894	984483	986250	178633	180400
895	986551	986951	180401	180801
896	987657	987837	180802	180982
897	988153	988167	180983	180997
898	988513	988528	180998	181013
899	988823	989774	181014	181965
900	990693	990784	181966	182057
901	991634	991774	182058	182198
902	992615	992720	182199	182304
903	992997	993425	182305	182733
904	995328	995329	182734	182735
905	996194	996272	182736	182814
906	997452	997543	182815	182906
907	999503	999613	182907	183017
908	1001894	1002437	183018	183561
909	1003863	1004344	183562	184043
913	1009965	1010676	184044	184755
915	1011924	1012086	184756	184918
916	1013392	1015233	184919	186760
918	1022157	1022370	186761	186974
919	1023550	1023757	186975	187182
920	1030238	1030280	187183	187225
921	1035495	1035747	187226	187478
923	1037366	1037380	187479	187493
924	1038932	1039514	187494	188076
925	1040586	1040649	188077	188140
926	1041640	1041702	188141	188203
927	1043389	1043451	188204	188266
928	1044496	1044712	188267	188483
929	1045706	1045720	188484	188498
930	1046690	1046842	188499	188651
931	1048205	1048488	188652	188935
932	1049758	1049769	188936	188947
933	1050235	1050243	188948	188956
934	1050898	1051032	188957	189091
935	1051681	1051693	189092	189104
936	1052408	1052865	189105	189562
937	1053241	1053658	189563	189980
938	1056182	1056434	189981	190233
939	1058169	1058173	190234	190238
940	1058438	1058787	190239	190588
941	1059007	1059086	190589	190668
942	1061247	1061433	190669	190855
943	1062397	1062683	190856	191142
944	1063446	1063807	191143	191504
945	1065215	1065428	191505	191718
946	1067124	1067124	191719	191719
947	1067443	1067477	191720	191754
948	1068315	1068547	191755	191987
949	1069529	1069529	191988	191988
950	1070460	1070469	191989	191998
951	1070986	1071015	191999	192028
952	1071442	1073262	192029	193849
953	1073740	1074151	193850	194261
954	1075976	1076053	194262	194339
955	1076783	1076783	194340	194340
956	1078452	1078457	194341	194346
961	1082093	1082219	194347	194473
962	1082859	1082965	194474	194580
963	1083269	1083508	194581	194820
964	1084388	1084396	194821	194829
965	1085672	1087173	194830	196331
966	1087972	1088214	196332	196574
968	1091427	1091619	196575	196767
969	1092607	1092853	196768	197014
970	1093628	1093673	197015	197060
971	1093929	1093929	197061	197061
972	1094173	1094262	197062	197151
973	1095073	1095073	197152	197152
975	1097121	1097174	197153	197206
976	1098351	1098677	197207	197533
977	1100349	1100577	197534	197762
978	1101268	1101278	197763	197773
980	1102378	1102658	197774	198054
981	1103187	1103197	198055	198065
983	1104178	1104250	198066	198138
985	1105269	1105277	198139	198147
986	1107267	1107342	198148	198223
987	1108297	1108468	198224	198395
989	1111375	1111522	198396	198543
990	1113011	1113055	198544	198588
991	1114346	1114348	198589	198591
995	1120187	1120503	198592	198908
996	1121491	1121723	198909	199141
998	1124863	1125808	199142	200087
999	1126169	1126171	200088	200090
1001	1127476	1128599	200091	201214
1002	1129257	1129299	201215	201257
1003	1129933	1130024	201258	201349
1004	1130385	1130489	201350	201454
1005	1132578	1132743	201455	201620
1006	1133788	1134675	201621	202508
1007	1135525	1135619	202509	202603
1008	1136310	1136320	202604	202614
1010	1138059	1138074	202615	202630
1011	1139098	1139101	202631	202634
1012	1139810	1140144	202635	202969
1013	1141633	1141641	202970	202978
1014	1142446	1142446	202979	202979
1015	1143257	1143530	202980	203253
1016	1146708	1147018	203254	203564
1017	1148099	1148147	203565	203613
1018	1149072	1149089	203614	203631
1019	1149612	1149845	203632	203865
1021	1150994	1151726	203866	204598
1022	1152681	1152994	204599	204912
1023	1154522	1154669	204913	205060
1024	1155570	1155570	205061	205061
1025	1156132	1156224	205062	205154
1026	1156939	1157289	205155	205505
1027	1158574	1158767	205506	205699
1028	1160340	1160350	205700	205710
1029	1160684	1160773	205711	205800
1030	1161152	1161222	205801	205871
1031	1162528	1162539	205872	205883
1032	1163347	1163513	205884	206050
1033	1163862	1163979	206051	206168
1036	1164941	1165055	206169	206283
1037	1165500	1165602	206284	206386
1038	1166539	1166633	206387	206481
1039	1166877	1168235	206482	207840
1040	1169583	1171761	207841	210019
1041	1171921	1173712	210020	211811
1042	1173899	1174170	211812	212083
1043	1174783	1174804	212084	212105
1045	1177967	1178028	212106	212167
1047	1179347	1179410	212168	212231
1048	1179993	1180025	212232	212264
1049	1180503	1180517	212265	212279
1051	1182823	1182846	212280	212303
1052	1183738	1183893	212304	212459
1053	1185004	1185042	212460	212498
1054	1187266	1187266	212499	212499
1055	1187726	1187750	212500	212524
1056	1189293	1189319	212525	212551
1057	1190238	1190261	212552	212575
1058	1190952	1191722	212576	213346
1059	1192980	1193089	213347	213456
1060	1193702	1194025	213457	213780
1061	1194635	1194868	213781	214014
1063	1196221	1196515	214015	214309
1064	1196654	1196786	214310	214442
1065	1198107	1198108	214443	214444
1066	1198850	1198863	214445	214458
1068	1202409	1202440	214459	214490
1069	1205051	1205228	214491	214668
1070	1205367	1205567	214669	214869
1071	1206156	1206403	214870	215117
1073	1207101	1207107	215118	215124
1075	1207533	1207784	215125	215376
1077	1209214	1209813	215377	215976
1079	1211996	1211999	215977	215980
1080	1212357	1212739	215981	216363
1081	1212995	1213059	216364	216428
1082	1217065	1217185	216429	216549
1083	1217573	1217643	216550	216620
1084	1218595	1218678	216621	216704
1085	1219798	1220058	216705	216965
1086	1221856	1222271	216966	217381
1088	1223230	1223281	217382	217433
1089	1223849	1223940	217434	217525
1090	1224166	1224253	217526	217613
1091	1224872	1225192	217614	217934
1092	1225916	1226243	217935	218262
1093	1227168	1228031	218263	219126
1094	1228683	1228852	219127	219296
1095	1229102	1229339	219297	219534
1096	1230129	1230603	219535	220009
1098	1231839	1231907	220010	220078
1099	1232181	1232217	220079	220115
1101	1232832	1232881	220116	220165
1102	1233968	1233976	220166	220174
1103	1234619	1234838	220175	220394
1104	1236963	1236968	220395	220400
1105	1240221	1240302	220401	220482
1106	1240519	1240662	220483	220626
1107	1241344	1241391	220627	220674
1109	1243061	1243237	220675	220851
1110	1243412	1243601	220852	221041
1111	1244463	1244544	221042	221123
1112	1244836	1244848	221124	221136
1113	1245134	1245207	221137	221210
1114	1246180	1246259	221211	221290
1115	1248072	1254541	221291	227760
1116	1255109	1255345	227761	227997
1117	1258160	1258170	227998	228008
1119	1260839	1260891	228009	228061
1120	1261747	1261762	228062	228077
1121	1262006	1262025	228078	228097
1124	1264681	1264962	228098	228379
1126	1266390	1266819	228380	228809
1127	1267135	1267152	228810	228827
1128	1267537	1267564	228828	228855
1129	1268951	1269127	228856	229032
1130	1270334	1270375	229033	229074
1131	1270598	1270713	229075	229190
1132	1271212	1271461	229191	229440
1134	1274124	1274125	229441	229442
1135	1276277	1276294	229443	229460
1136	1277297	1277310	229461	229474
1137	1278226	1278601	229475	229850
1138	1280522	1280866	229851	230195
1139	1281221	1281349	230196	230324
1140	1281497	1281724	230325	230552
1141	1282148	1282834	230553	231239
1142	1283039	1284550	231240	232751
1143	1285139	1285140	232752	232753
1144	1285375	1285386	232754	232765
1147	1287552	1287649	232766	232863
1149	1288600	1288800	232864	233064
1150	1289170	1289244	233065	233139
1151	1289746	1289994	233140	233388
1152	1291255	1291600	233389	233734
1153	1293350	1293350	233735	233735
1154	1295076	1295132	233736	233792
1155	1296072	1296320	233793	234041
1156	1297191	1297191	234042	234042
1157	1298479	1298628	234043	234192
1158	1299367	1299565	234193	234391
1159	1300601	1300628	234392	234419
1160	1302063	1302077	234420	234434
1161	1303065	1303065	234435	234435
1163	1305005	1305282	234436	234713
1167	1309152	1309242	234714	234804
1168	1309582	1309591	234805	234814
1169	1310696	1310704	234815	234823
1170	1311872	1311880	234824	234832
1171	1312949	1312966	234833	234850
1174	1315658	1316332	234851	235525
1176	1318698	1318875	235526	235703
1177	1320331	1320419	235704	235792
1178	1323039	1323059	235793	235813
1179	1323546	1324319	235814	236587
1183	1328102	1328159	236588	236645
1184	1329111	1329221	236646	236756
1185	1329975	1329983	236757	236765
1186	1330716	1330856	236766	236906
1187	1332129	1332147	236907	236925
1188	1332964	1333119	236926	237081
1189	1333774	1333784	237082	237092
1190	1334544	1334555	237093	237104
1191	1335360	1335369	237105	237114
1193	1336694	1336744	237115	237165
1195	1338040	1338612	237166	237738
1198	1340900	1340958	237739	237797
1199	1341361	1341569	237798	238006
1201	1342951	1342960	238007	238016
1202	1343699	1343702	238017	238020
1203	1344834	1344916	238021	238103
1204	1345307	1345321	238104	238118
1207	1347423	1347551	238119	238247
1208	1347729	1347867	238248	238386
1209	1348576	1348725	238387	238536
1210	1349755	1352263	238537	241045
1211	1352816	1353164	241046	241394
1213	1355447	1355561	241395	241509
1215	1356250	1356634	241510	241894
1216	1357115	1358357	241895	243137
1217	1359084	1359671	243138	243725
1218	1360959	1362135	243726	244902
1219	1363327	1363840	244903	245416
1220	1364834	1364992	245417	245575
1222	1368453	1368462	245576	245585
1225	1371095	1373292	245586	247783
1227	1373810	1374112	247784	248086
1228	1375676	1375816	248087	248227
1229	1376516	1376557	248228	248269
1230	1377455	1377462	248270	248277
1232	1379121	1379203	248278	248360
1233	1379840	1379840	248361	248361
1234	1380669	1382254	248362	249947
1235	1382867	1382910	249948	249991
1236	1383640	1383677	249992	250029
1237	1384590	1384654	250030	250094
1238	1384880	1384956	250095	250171
1240	1386501	1386657	250172	250328
1241	1387015	1387026	250329	250340
1243	1388034	1388167	250341	250474
1245	1389259	1389278	250475	250494
1247	1390737	1390887	250495	250645
1248	1392268	1392560	250646	250938
1249	1393485	1393543	250939	250997
1250	1394150	1394166	250998	251014
1251	1395412	1395633	251015	251236
1252	1395892	1395932	251237	251277
1253	1397970	1398228	251278	251536
1254	1399147	1399164	251537	251554
1255	1399927	1400198	251555	251826
1256	1401042	1401154	251827	251939
1257	1402493	1402780	251940	252227
1258	1403159	1403372	252228	252441
1260	1405430	1408399	252442	255411
1261	1409597	1409759	255412	255574
1262	1410714	1411750	255575	256611
1263	1412621	1414539	256612	258530
1264	1414792	1416212	258531	259951
1265	1417932	1418041	259952	260061
1266	1418390	1418666	260062	260338
1267	1419504	1419515	260339	260350
1268	1420146	1420154	260351	260359
1269	1420797	1420941	260360	260504
1271	1423328	1423470	260505	260647
1272	1424485	1424528	260648	260691
1273	1424949	1424958	260692	260701
1274	1426366	1426450	260702	260786
1275	1427330	1427344	260787	260801
1276	1428851	1428864	260802	260815
1278	1429896	1429908	260816	260828
1279	1430626	1430659	260829	260862
1280	1430861	1430934	260863	260936
1281	1431943	1432386	260937	261380
1282	1432816	1433112	261381	261677
1283	1433596	1433665	261678	261747
1284	1435322	1435401	261748	261827
1286	1436358	1436366	261828	261836
1287	1437702	1437711	261837	261846
1288	1438351	1438397	261847	261893
1289	1441497	1441588	261894	261985
1290	1442756	1442762	261986	261992
1291	1443858	1444014	261993	262149
1292	1445698	1445868	262150	262320
1293	1447828	1448030	262321	262523
1294	1449654	1449758	262524	262628
1295	1451205	1451246	262629	262670
1296	1451445	1451544	262671	262770
1297	1452142	1452177	262771	262806
1298	1452691	1452775	262807	262891
1299	1453712	1453781	262892	262961
1301	1454821	1454873	262962	263014
1302	1455234	1455234	263015	263015
1303	1456636	1456929	263016	263309
1304	1457170	1457200	263310	263340
1305	1457672	1457682	263341	263351
1306	1457974	1458125	263352	263503
1307	1459470	1459487	263504	263521
1310	1461519	1461838	263522	263841
1311	1462388	1462623	263842	264077
1312	1467949	1468163	264078	264292
1313	1469649	1469698	264293	264342
1314	1470428	1470848	264343	264763
1315	1472445	1472455	264764	264774
1316	1472867	1472981	264775	264889
1317	1473774	1473785	264890	264901
1318	1476483	1476785	264902	265204
1319	1477971	1478112	265205	265346
1321	1481166	1481176	265347	265357
1322	1481945	1482209	265358	265622
1323	1483059	1483059	265623	265623
1324	1483435	1483507	265624	265696
1325	1484861	1484883	265697	265719
1327	1486508	1486642	265720	265854
1328	1487612	1487863	265855	266106
1329	1488821	1488823	266107	266109
1330	1489157	1489159	266110	266112
1331	1489577	1489585	266113	266121
1332	1489850	1489908	266122	266180
1333	1491988	1491997	266181	266190
1334	1497026	1497026	266191	266191
1335	1498509	1498537	266192	266220
1337	1502382	1502393	266221	266232
1338	1502883	1502946	266233	266296
1343	1504898	1504939	266297	266338
1344	1505174	1505183	266339	266348
1345	1506066	1506082	266349	266365
1346	1506647	1506784	266366	266503
1347	1507937	1508138	266504	266705
1348	1509708	1509719	266706	266717
1350	1511476	1511678	266718	266920
1352	1513495	1513565	266921	266991
1354	1514198	1514256	266992	267050
1355	1514632	1514690	267051	267109
1358	1515649	1515649	267110	267110
1359	1515968	1516015	267111	267158
1360	1516223	1516223	267159	267159
1361	1516626	1516635	267160	267169
1362	1516849	1516864	267170	267185
1363	1517603	1517603	267186	267186
1364	1518039	1518091	267187	267239
1365	1518296	1518329	267240	267273
1366	1519440	1519512	267274	267346
1367	1520059	1520245	267347	267533
1368	1521239	1521240	267534	267535
1369	1521949	1521953	267536	267540
1370	1522407	1522457	267541	267591
1371	1522983	1523062	267592	267671
1372	1523330	1523560	267672	267902
1373	1523825	1524001	267903	268079
1374	1524194	1524489	268080	268375
1375	1524853	1524873	268376	268396
1376	1525255	1525267	268397	268409
1377	1525619	1525736	268410	268527
1378	1526865	1526951	268528	268614
1381	1529725	1529775	268615	268665
1382	1530157	1530166	268666	268675
1383	1530755	1530762	268676	268683
1384	1531996	1532026	268684	268714
1386	1532704	1532832	268715	268843
1387	1533352	1533848	268844	269340
1388	1535322	1535391	269341	269410
1389	1536151	1536247	269411	269507
1390	1536926	1536933	269508	269515
1391	1537879	1538059	269516	269696
1392	1538573	1538659	269697	269783
1393	1539419	1539625	269784	269990
1394	1539797	1539918	269991	270112
1395	1541050	1541498	270113	270561
1397	1542863	1543126	270562	270825
1398	1544702	1544899	270826	271023
1399	1546127	1546318	271024	271215
1400	1547636	1547733	271216	271313
1402	1549860	1549984	271314	271438
1404	1551264	1551390	271439	271565
1405	1552225	1552958	271566	272299
1408	1554911	1555222	272300	272611
1409	1556375	1556613	272612	272850
1410	1557244	1557245	272851	272852
1411	1557585	1557714	272853	272982
1412	1558387	1558394	272983	272990
1413	1558872	1559012	272991	273131
1414	1559130	1559190	273132	273192
1415	1560145	1560145	273193	273193
1416	1561166	1561267	273194	273295
1417	1561397	1561465	273296	273364
1418	1562570	1562585	273365	273380
1420	1564048	1564148	273381	273481
1421	1566486	1566617	273482	273613
1422	1567368	1567658	273614	273904
1423	1568274	1569087	273905	274718
1424	1569358	1569497	274719	274858
1425	1570128	1570364	274859	275095
1426	1570566	1570995	275096	275525
1427	1571320	1571376	275526	275582
1428	1573321	1573368	275583	275630
1430	1575014	1575168	275631	275785
1431	1576243	1576702	275786	276245
1432	1577141	1577215	276246	276320
1433	1578059	1578169	276321	276431
1434	1578821	1579016	276432	276627
1435	1579665	1579794	276628	276757
1436	1580209	1580678	276758	277227
1437	1581123	1581151	277228	277256
1438	1583375	1584369	277257	278251
1439	1585000	1585121	278252	278373
1440	1587015	1587304	278374	278663
1442	1588873	1588903	278664	278694
1443	1589834	1589955	278695	278816
1444	1590448	1590542	278817	278911
1445	1593252	1593252	278912	278912
1446	1593955	1594203	278913	279161
1447	1596616	1596667	279162	279213
1448	1597361	1597410	279214	279263
1449	1597600	1597894	279264	279558
1450	1598276	1598677	279559	279960
1451	1601471	1601817	279961	280307
1452	1602607	1602614	280308	280315
1455	1604200	1604208	280316	280324
1456	1604881	1604884	280325	280328
1457	1606145	1606160	280329	280344
1458	1607535	1607752	280345	280562
1459	1608458	1608547	280563	280652
1461	1610520	1610602	280653	280735
1462	1611647	1611821	280736	280910
1463	1612419	1612428	280911	280920
1464	1614472	1614679	280921	281128
1465	1615532	1615546	281129	281143
1466	1616432	1616448	281144	281160
1467	1617367	1617534	281161	281328
1468	1618180	1618465	281329	281614
1469	1618811	1618906	281615	281710
1470	1619360	1619630	281711	281981
1471	1620471	1620485	281982	281996
1472	1621383	1621604	281997	282218
1473	1622934	1623057	282219	282342
1474	1624576	1624593	282343	282360
1475	1625293	1625465	282361	282533
1476	1626570	1626580	282534	282544
1477	1628675	1628691	282545	282561
1479	1630410	1630487	282562	282639
1480	1631826	1631843	282640	282657
1481	1632297	1633309	282658	283670
1482	1636208	1636494	283671	283957
1483	1636723	1637751	283958	284986
1484	1638733	1639048	284987	285302
1485	1641065	1641082	285303	285320
1487	1642539	1642582	285321	285364
1488	1643615	1643615	285365	285365
1489	1644648	1644727	285366	285445
1490	1647242	1647386	285446	285590
1491	1647675	1647701	285591	285617
1492	1648335	1648337	285618	285620
1494	1649764	1649784	285621	285641
1495	1650178	1650503	285642	285967
1496	1651356	1651586	285968	286198
1497	1651938	1652076	286199	286337
1498	1652413	1652499	286338	286424
1499	1653811	1653823	286425	286437
1503	1657075	1657213	286438	286576
1504	1657580	1657583	286577	286580
1505	1658280	1658295	286581	286596
1506	1659064	1659415	286597	286948
1508	1661506	1662814	286949	288257
1509	1663433	1663751	288258	288576
1510	1664640	1664787	288577	288724
1511	1666672	1667047	288725	289100
1513	1669449	1669482	289101	289134
1515	1671930	1672059	289135	289264
1516	1672309	1673062	289265	290018
1517	1673399	1673513	290019	290133
1518	1674273	1674386	290134	290247
1520	1677104	1677117	290248	290261
1522	1679360	1679371	290262	290273
1523	1681769	1681833	290274	290338
1524	1682149	1682172	290339	290362
1525	1682800	1682928	290363	290491
1526	1684543	1684611	290492	290560
1527	1684903	1685024	290561	290682
1528	1685784	1685798	290683	290697
1529	1685940	1686090	290698	290848
1530	1686265	1687631	290849	292215
1531	1688730	1688738	292216	292224
1532	1689480	1689798	292225	292543
1533	1690153	1690164	292544	292555
1536	1691889	1691939	292556	292606
1537	1692252	1692450	292607	292805
1538	1693558	1693559	292806	292807
1539	1694088	1694101	292808	292821
1540	1695011	1695066	292822	292877
1541	1695628	1695830	292878	293080
1543	1696976	1697042	293081	293147
1544	1697997	1698018	293148	293169
1545	1698622	1698681	293170	293229
1546	1698907	1698910	293230	293233
1547	1699091	1699091	293234	293234
1549	1701934	1701944	293235	293245
1553	1707847	1707855	293246	293254
1554	1709074	1709129	293255	293310
1556	1711232	1711239	293311	293318
1557	1712461	1712484	293319	293342
1559	1715820	1715901	293343	293424
1560	1716868	1716895	293425	293452
1561	1717487	1717776	293453	293742
1562	1718992	1719297	293743	294048
1563	1721383	1721442	294049	294108
1564	1734745	1735115	294109	294479
1565	1735596	1735973	294480	294857
1566	1736355	1736452	294858	294955
1567	1736675	1736690	294956	294971
1568	1737006	1737311	294972	295277
1569	1737846	1737906	295278	295338
1570	1738165	1738188	295339	295362
1571	1738858	1738967	295363	295472
1572	1739760	1739826	295473	295539
1573	1739983	1740005	295540	295562
1574	1741803	1741812	295563	295572
1575	1742557	1742557	295573	295573
1576	1743509	1743522	295574	295587
1577	1744540	1744589	295588	295637
1578	1746735	1746834	295638	295737
1579	1747870	1748117	295738	295985
1580	1749207	1749224	295986	296003
1581	1749696	1749985	296004	296293
1582	1750439	1750790	296294	296645
1583	1750971	1751134	296646	296809
1584	1751375	1751643	296810	297078
1585	1752916	1753459	297079	297622
1586	1754780	1754788	297623	297631
1587	1756406	1756433	297632	297659
1588	1757325	1757334	297660	297669
1589	1758253	1758402	297670	297819
1590	1759405	1759765	297820	298180
1591	1761248	1761689	298181	298622
1592	1761855	1761937	298623	298705
1593	1762505	1762515	298706	298716
1594	1762687	1762724	298717	298754
1595	1763334	1763363	298755	298784
1596	1763568	1764823	298785	300040
1597	1765595	1765608	300041	300054
1599	1767930	1768251	300055	300376
1600	1769608	1769616	300377	300385
1601	1769935	1769950	300386	300401
1602	1770269	1770282	300402	300415
1603	1771180	1771181	300416	300417
1604	1772445	1772723	300418	300696
1605	1773903	1774177	300697	300971
1606	1774586	1774654	300972	301040
1607	1775315	1775365	301041	301091
1608	1776518	1776531	301092	301105
1609	1777264	1777564	301106	301406
1614	1781890	1781899	301407	301416
1616	1783825	1785008	301417	302600
1617	1786011	1786117	302601	302707
1618	1786487	1786581	302708	302802
1619	1787293	1787294	302803	302804
1620	1788987	1788997	302805	302815
1621	1790009	1790111	302816	302918
1622	1791180	1791203	302919	302942
1623	1791864	1792072	302943	303151
1624	1793054	1793065	303152	303163
1625	1794542	1794553	303164	303175
1626	1795196	1795252	303176	303232
1627	1795655	1795807	303233	303385
1629	1798215	1799377	303386	304548
1630	1800605	1800646	304549	304590
1631	1801340	1801511	304591	304762
1633	1804999	1805125	304763	304889
1634	1805582	1805652	304890	304960
1635	1805833	1805881	304961	305009
1636	1806110	1806242	305010	305142
1637	1807071	1807224	305143	305296
1638	1807465	1808341	305297	306173
1640	1810186	1810239	306174	306227
1641	1811731	1811846	306228	306343
1642	1813113	1813157	306344	306388
1643	1813563	1813631	306389	306457
1644	1815114	1815131	306458	306475
1645	1816311	1816474	306476	306639
1646	1817483	1817527	306640	306684
1648	1818920	1819162	306685	306927
1649	1820054	1820185	306928	307059
1650	1820723	1820888	307060	307225
1651	1821696	1822039	307226	307569
1653	1824282	1824295	307570	307583
1654	1825061	1825063	307584	307586
1655	1825508	1826188	307587	308267
1656	1826486	1826506	308268	308288
1657	1827572	1827971	308289	308688
1658	1828674	1829095	308689	309110
1661	1831751	1831845	309111	309205
1662	1832812	1833035	309206	309429
1665	1834557	1834574	309430	309447
1671	1838752	1838957	309448	309653
1672	1839207	1839461	309654	309908
1673	1841088	1841264	309909	310085
1674	1843233	1843416	310086	310269
1675	1844128	1844159	310270	310301
1676	1844964	1844975	310302	310313
1677	1845870	1847308	310314	311752
1678	1848236	1848245	311753	311762
1679	1849314	1849321	311763	311770
1681	1851502	1851516	311771	311785
1682	1851745	1851810	311786	311851
1683	1853791	1854475	311852	312536
1684	1855670	1855806	312537	312673
1685	1857250	1857606	312674	313030
1686	1858441	1858453	313031	313043
1687	1859321	1859333	313044	313056
1688	1860594	1860684	313057	313147
1689	1862848	1862954	313148	313254
1691	1864748	1873079	313255	321586
1692	1874424	1874472	321587	321635
1693	1875250	1875337	321636	321723
1694	1875872	1878019	321724	323871
1695	1879643	1879657	323872	323886
1696	1879943	1880097	323887	324041
1697	1880494	1880570	324042	324118
1698	1881333	1881373	324119	324159
1699	1882001	1882015	324160	324174
1701	1882621	1882913	324175	324467
1702	1883016	1883265	324468	324717
1703	1883941	1883945	324718	324722
1704	1884393	1884505	324723	324835
1706	1885369	1886471	324836	325938
1707	1887294	1887330	325939	325975
1708	1887781	1887903	325976	326098
1709	1888621	1889502	326099	326980
1710	1890919	1890928	326981	326990
1711	1891262	1891331	326991	327060
1712	1891941	1891952	327061	327072
1713	1892412	1894102	327073	328763
1714	1894364	1894421	328764	328821
1716	1895161	1895163	328822	328824
1717	1895959	1896365	328825	329231
1718	1896792	1896919	329232	329359
1719	1897280	1897517	329360	329597
1720	1897680	1898037	329598	329955
1721	1898995	1899369	329956	330330
1722	1900741	1901046	330331	330636
1723	1902214	1902267	330637	330690
1724	1903525	1903608	330691	330774
1725	1904626	1904632	330775	330781
1727	1905585	1905669	330782	330866
1728	1906291	1906672	330867	331248
1729	1907537	1907727	331249	331439
1730	1907899	1908000	331440	331541
1731	1908226	1908231	331542	331547
1732	1908421	1908535	331548	331662
1733	1911527	1911875	331663	332011
1736	1915596	1915618	332012	332034
1737	1917359	1918177	332035	332853
1738	1918811	1918967	332854	333010
1739	1919130	1919754	333011	333635
1740	1920169	1920278	333636	333745
1741	1923957	1923988	333746	333777
1742	1927601	1928283	333778	334460
1743	1929616	1929843	334461	334688
1744	1930669	1930706	334689	334726
1746	1932172	1932194	334727	334749
1747	1932426	1932482	334750	334806
1750	1934522	1934585	334807	334870
1751	1935579	1935689	334871	334981
1752	1936374	1936428	334982	335036
1753	1937170	1937202	335037	335069
1754	1937482	1937558	335070	335146
1755	1938486	1938559	335147	335220
1756	1939355	1939479	335221	335345
1757	1940731	1940796	335346	335411
1758	1941625	1941890	335412	335677
1760	1944079	1944079	335678	335678
1762	1945362	1945371	335679	335688
1763	1946251	1946251	335689	335689
1764	1947125	1947254	335690	335819
1766	1948198	1948198	335820	335820
1767	1950230	1950305	335821	335896
1768	1950603	1950921	335897	336215
1769	1951822	1951892	336216	336286
1771	1953227	1954707	336287	337767
1772	1954843	1954986	337768	337911
1773	1956202	1956356	337912	338066
1774	1956651	1956811	338067	338227
1775	1957265	1957298	338228	338261
1776	1958688	1958752	338262	338326
1777	1959716	1959920	338327	338531
1778	1960932	1961355	338532	338955
1779	1961956	1961956	338956	338956
1781	1963792	1963792	338957	338957
1783	1964859	1971740	338958	345839
1784	1972221	1972341	345840	345960
1785	1972879	1972932	345961	346014
1786	1973110	1973323	346015	346228
1787	1975520	1975644	346229	346353
1788	1976482	1976548	346354	346420
1789	1977557	1977732	346421	346596
1790	1978567	1979745	346597	347775
1791	1980619	1980854	347776	348011
1792	1982166	1982530	348012	348376
1793	1982663	1983184	348377	348898
1794	1983914	1984070	348899	349055
1795	1985481	1985497	349056	349072
1796	1986794	1986797	349073	349076
1798	1987412	1988277	349077	349942
1799	1990930	1991228	349943	350241
1800	1991640	1991640	350242	350242
1801	1992070	1992115	350243	350288
1802	1992416	1992531	350289	350404
1803	1994509	1994621	350405	350517
1804	1995714	1995824	350518	350628
1805	1997499	1997676	350629	350806
1806	1998382	1999244	350807	351669
1807	1999911	1999926	351670	351685
1808	2000413	2000488	351686	351761
1809	2000771	2000792	351762	351783
1810	2002251	2002380	351784	351913
1811	2003005	2003054	351914	351963
1812	2004042	2004059	351964	351981
1814	2005231	2005378	351982	352129
1815	2006570	2006619	352130	352179
1816	2007574	2008330	352180	352936
1819	2009440	2009443	352937	352940
1821	2010168	2010168	352941	352941
1822	2011018	2011132	352942	353056
1823	2012075	2012149	353057	353131
1824	2012516	2012665	353132	353281
1825	2013725	2013886	353282	353443
1826	2015039	2015190	353444	353595
1827	2017009	2017108	353596	353695
1828	2018252	2018380	353696	353824
1829	2019239	2019265	353825	353851
1830	2019911	2020016	353852	353957
1831	2020377	2020386	353958	353967
1832	2020813	2021131	353968	354286
1833	2022245	2022409	354287	354451
1834	2023031	2023033	354452	354454
1835	2024315	2024374	354455	354514
1836	2025860	2025934	354515	354589
1837	2027213	2034123	354590	361500
1838	2035585	2035707	361501	361623
1839	2037058	2037226	361624	361792
1840	2037917	2038054	361793	361930
1841	2039822	2040611	361931	362720
1842	2042307	2042452	362721	362866
1843	2044988	2045037	362867	362916
1844	2045485	2045619	362917	363051
1845	2047312	2048159	363052	363899
1846	2048637	2048719	363900	363982
1848	2050760	2050925	363983	364148
1849	2051802	2051918	364149	364265
1851	2053591	2053591	364266	364266
1852	2054345	2054358	364267	364280
1853	2055010	2055615	364281	364886
1854	2056057	2056267	364887	365097
1855	2057285	2057305	365098	365118
1856	2058206	2058276	365119	365189
1858	2059478	2059488	365190	365200
1859	2060620	2060686	365201	365267
1860	2061386	2061614	365268	365496
1861	2062527	2062590	365497	365560
1862	2065057	2065197	365561	365701
1863	2066455	2066531	365702	365778
1864	2068596	2068596	365779	365779
1865	2068876	2069026	365780	365930
1866	2069876	2070496	365931	366551
1867	2071070	2072112	366552	367594
1868	2074372	2074396	367595	367619
1869	2075915	2076463	367620	368168
1870	2077736	2077845	368169	368278
1871	2079139	2079139	368279	368279
1872	2079983	2080234	368280	368531
1873	2081036	2081044	368532	368540
1874	2082032	2082215	368541	368724
1875	2083473	2083607	368725	368859
1876	2084154	2084194	368860	368900
1878	2086878	2086995	368901	369018
1879	2087233	2087273	369019	369059
1880	2087505	2087521	369060	369076
1881	2088164	2088174	369077	369087
1882	2088898	2088899	369088	369089
1884	2089304	2089312	369090	369098
1887	2091255	2091331	369099	369175
1888	2092580	2092795	369176	369391
1889	2094143	2094477	369392	369726
1890	2095330	2095381	369727	369778
1891	2096336	2096697	369779	370140
1892	2097040	2097247	370141	370348
1893	2098952	2099183	370349	370580
1895	2100971	2100973	370581	370583
1896	2102321	2102332	370584	370595
1897	2102618	2102620	370596	370598
1898	2104652	2104841	370599	370788
1899	2105850	2105851	370789	370790
1900	2106053	2106203	370791	370941
1901	2106387	2106401	370942	370956
1902	2106552	2107132	370957	371537
1903	2108390	2108465	371538	371613
1904	2110452	2112434	371614	373596
1906	2115179	2115261	373597	373679
1907	2117908	2117997	373680	373769
1908	2119279	2119448	373770	373939
1909	2121534	2121572	373940	373978
1910	2123253	2124007	373979	374733
1911	2125238	2125294	374734	374790
1912	2126312	2126475	374791	374954
1913	2127424	2127633	374955	375164
1914	2129146	2129166	375165	375185
1915	2130499	2131830	375186	376517
1916	2132731	2132859	376518	376646
1917	2134012	2134156	376647	376791
1918	2135924	2135979	376792	376847
1919	2139097	2139105	376848	376856
1920	2141401	2141458	376857	376914
1922	2143030	2143053	376915	376938
1925	2144380	2144390	376939	376949
1926	2145030	2145143	376950	377063
1927	2146548	2146722	377064	377238
1928	2147497	2148624	377239	378366
1929	2150131	2150139	378367	378375
1932	2152084	2152237	378376	378529
1934	2153739	2153751	378530	378542
1936	2156544	2156563	378543	378562
1937	2156696	2157008	378563	378875
1938	2157915	2161026	378876	381987
1939	2161615	2161700	381988	382073
1940	2161905	2162200	382074	382369
1941	2162906	2162974	382370	382438
1942	2164802	2164842	382439	382479
1943	2166352	2166509	382480	382637
1944	2167920	2168101	382638	382819
1946	2169942	2170170	382820	383048
1947	2172796	2172873	383049	383126
1948	2173402	2173495	383127	383220
1950	2175478	2175797	383221	383540
1951	2178231	2178231	383541	383541
1952	2178691	2178808	383542	383659
1954	2180545	2180582	383660	383697
1955	2181300	2181303	383698	383701
1956	2181595	2181849	383702	383956
1957	2183197	2183284	383957	384044
1958	2183552	2183552	384045	384045
1959	2184906	2184948	384046	384088
1961	2187372	2187506	384089	384223
1962	2188056	2188134	384224	384302
1964	2190093	2190147	384303	384357
1965	2190784	2191067	384358	384641
1966	2191989	2193605	384642	386258
1967	2194647	2194724	386259	386336
1968	2195505	2195727	386337	386559
1969	2196907	2196999	386560	386652
1971	2198313	2198370	386653	386710
1975	2201352	2201361	386711	386720
1976	2202184	2202224	386721	386761
1978	2204756	2204913	386762	386919
1979	2205283	2205284	386920	386921
1980	2206383	2206433	386922	386972
1981	2207913	2208063	386973	387123
1982	2209090	2209294	387124	387328
1983	2210918	2210978	387329	387389
1984	2213532	2214035	387390	387893
1985	2214312	2214395	387894	387977
1986	2215110	2215341	387978	388209
1987	2215885	2216126	388210	388451
1989	2218202	2218221	388452	388471
1990	2218348	2218628	388472	388752
1991	2219109	2219290	388753	388934
